371.726 0
374.728 0.0001
377.73 0.0004
380.788 0.0012
383.789 0.0015
386.789 0.0019
389.79 0.0048
392.79 0.0145
395.79 0.0406
398.789 0.0862
401.788 0.1534
404.787 0.2912
407.785 0.4888
410.783 0.611
413.781 0.6454
416.834 0.6547
419.831 0.6528
422.828 0.6775
425.824 0.6921
428.82 0.6856
431.815 0.7105
434.81 0.708
437.862 0.7029
440.856 0.703
443.85 0.7208
446.844 0.7148
449.837 0.7047
452.83 0.706
455.878 0.7154
458.87 0.707
461.862 0.7208
464.853 0.7302
467.901 0.7034
470.891 0.7165
473.881 0.733
476.871 0.7361
479.916 0.7323
482.905 0.7325
485.894 0.7303
488.882 0.7347
491.925 0.7445
494.913 0.7423
497.899 0.7451
500.942 0.7395
503.928 0.7287
506.913 0.7122
509.954 0.7168
512.939 0.7276
515.923 0.7267
518.963 0.7098
521.946 0.6605
524.929 0.6361
527.967 0.6603
530.949 0.6811
533.987 0.6565
536.968 0.5188
539.948 0.3022
542.984 0.1443
545.964 0.0674
548.999 0.0325
551.977 0.0172
555.012 0.0096
557.989 0.0058
561.023 0.0037
563.999 0.0025
567.032 0.0017
570.007 0.0012
573.038 0.0008
576.013 0.0006
579.043 0.0004